akef-1 t,music_dB,voice_dB,flat
  0-3    -33.4  -23.5 0.170
  3-6    -29.5  -25.9 0.286
  6-9    -28.8  -23.8 0.241
  9-12   -21.4  -15.2 0.281
 12-15   -16.7  -15.3 0.408
 15-18   -15.3  -15.5 0.332
 18-21   -15.6  -10.9 0.276
 21-24   -16.6  -11.2 0.298
 24-27   -17.9  -10.4 0.301
 27-30   -13.0  -21.3 0.340
 30-33   -15.0  -21.0 0.413
 33-36   -11.0  -14.7 0.351
 36-39   -13.3  -37.1 0.339
 39-42   -12.6  -15.4 0.389
 42-45   -12.6  -42.2 0.438
 45-48   -12.9  -36.7 0.417
 48-51   -12.9  -64.2 0.454
 51-54   -12.4  -14.7 0.402
 54-57   -12.5  -17.8 0.454
 57-60   -18.9  -15.8 0.306
 60-63   -18.4  -15.1 0.179
 63-66   -20.1  -21.2 0.441
 66-69   -18.3  -21.9 0.519
 69-72   -10.8  -14.7 0.370
 72-75   -12.5  -32.1 0.453
 75-78   -13.2  -16.5 0.385
 78-81   -13.3  -19.6 0.296
 81-84   -12.6  -15.8 0.343
 84-87   -14.9  -73.5 0.396
 87-90   -11.7  -72.5 0.465
 90-93   -12.2  -70.4 0.495
 93-96   -11.7  -14.4 0.424
 96-99   -11.5  -23.0 0.483
 99-102  -12.0  -18.0 0.470
102-105  -11.4  -14.7 0.433
105-108  -12.4  -12.5 0.418
108-111  -10.7  -33.5 0.492
111-114  -10.9  -39.8 0.401
114-117  -20.0  -25.6 0.506
117-120  -47.2  -32.0 0.507
120-123  -55.0  -63.7 0.324
123-126  -28.3  -47.2 0.144
126-129  -23.5  -50.4 0.451
129-132  -16.9  -38.9 0.302
132-135  -16.7  -45.4 0.253
135-138  -16.5  -50.6 0.278
138-141  -16.1  -52.6 0.306
141-144  -15.8  -60.4 0.289
144-147  -15.2  -54.3 0.334
147-150  -16.2  -49.5 0.279
150-153  -16.2  -48.2 0.215
153-156  -15.6  -48.8 0.273
156-159  -16.4  -46.3 0.223
159-162  -15.1  -50.2 0.252
162-165  -14.5  -48.2 0.269
165-168  -14.1  -42.6 0.247
168-171  -14.4  -45.3 0.262
171-174  -14.3  -51.9 0.276
174-177  -14.1  -53.1 0.289
177-180  -15.2  -54.1 0.329
180-183  -15.0  -49.5 0.255
183-186  -13.8  -47.8 0.265
186-189  -14.3  -44.1 0.268
189-192  -14.3  -45.3 0.282
192-195  -14.8  -43.4 0.274
195-198  -15.0  -42.7 0.236
198-201  -16.0  -46.5 0.222
201-204  -16.8  -42.9 0.304
204-207  -17.5  -64.1 0.314
207-210  -18.2  -64.2 0.299
210-213  -18.0  -64.4 0.277
213-216  -17.0  -48.9 0.316
216-219  -15.7  -54.3 0.265
219-222  -15.7  -63.4 0.265
222-225  -15.7  -63.9 0.232
225-228  -16.4  -62.3 0.300
228-231  -16.0  -52.2 0.368
231-234  -15.6  -58.0 0.319
234-237  -14.6  -60.3 0.268
237-240  -14.7  -56.2 0.329
240-243  -14.6  -56.2 0.300
243-246  -15.4  -59.7 0.316
246-249  -15.1  -56.1 0.293
249-252  -16.7  -57.9 0.333
252-255  -18.7  -44.1 0.305
255-258  -18.1  -63.7 0.330
258-261  -19.9  -65.1 0.335
261-264  -20.5  -65.2 0.354
264-267  -18.8  -64.2 0.302
267-270  -17.3  -54.2 0.283
270-273  -24.7  -64.0 0.319
