dd2da-1 t,music_dB,voice_dB,flat
  0-3    -41.4  -70.6 0.118
  3-6    -18.3  -34.1 0.127
  6-9    -25.1  -18.8 0.144
  9-12   -21.2  -20.5 0.213
 12-15   -22.2  -22.3 0.253
 15-18   -26.8  -18.2 0.141
 18-21   -25.1  -21.5 0.284
 21-24   -24.0  -18.2 0.238
 24-27   -19.8  -25.7 0.369
 27-30   -24.9  -17.7 0.394
 30-33   -17.5  -23.1 0.351
 33-36   -20.6  -19.0 0.241
 36-39   -19.7  -19.9 0.334
 39-42   -14.8  -23.6 0.501
 42-45   -19.5  -19.7 0.465
 45-48   -13.5  -48.1 0.509
 48-51   -11.2  -33.4 0.425
 51-54   -14.1  -18.5 0.125
 54-57   -17.8  -22.4 0.261
 57-60   -20.2  -26.6 0.350
 60-63   -28.2  -30.0 0.339
 63-66   -19.0  -21.7 0.144
 66-69   -19.8  -65.4 0.307
 69-72   -15.8  -17.1 0.297
 72-75   -21.1  -17.9 0.437
 75-78   -19.7  -18.5 0.281
 78-81   -15.9  -19.3 0.291
 81-84   -13.6  -21.7 0.269
 84-87   -12.7  -19.5 0.405
 87-90   -10.0  -22.2 0.376
 90-93   -15.2  -68.5 0.129
 93-96   -16.3  -19.9 0.204
 96-99   -12.3  -23.6 0.327
 99-102  -14.9  -33.2 0.104
102-105  -23.2  -67.9 0.428
105-108  -46.6  -67.4 0.158
