dd2da-2 t,music_dB,voice_dB,flat
  0-3    -36.3  -54.0 0.023
  3-6    -26.9  -33.3 0.279
  6-9    -28.2  -48.9 0.262
  9-12   -27.4  -51.1 0.261
 12-15   -26.5  -52.9 0.309
 15-18   -22.7  -30.2 0.364
 18-21   -19.5  -25.3 0.246
 21-24   -17.9  -40.6 0.374
 24-27   -16.6  -27.1 0.416
 27-30   -15.4  -25.5 0.504
 30-33   -16.3  -25.6 0.400
 33-36   -16.4  -28.9 0.499
 36-39   -18.9  -19.7 0.456
 39-42   -15.9  -30.1 0.444
 42-45   -10.5  -53.9 0.395
 45-48   -14.0  -53.9 0.432
 48-51   -15.5  -20.6 0.512
 51-54   -14.9  -22.1 0.534
 54-57   -14.5  -21.8 0.400
 57-60   -13.9  -28.7 0.410
 60-63   -12.5  -29.1 0.269
 63-66   -21.5  -18.2 0.233
 66-69   -18.0  -29.6 0.202
 69-72   -10.6  -42.3 0.395
 72-75   -10.5  -24.5 0.334
 75-78   -12.3  -26.4 0.403
 78-81   -13.5  -23.4 0.366
 81-84   -11.8  -23.4 0.368
 84-87    -8.8  -22.4 0.390
 87-90    -7.3  -31.4 0.328
 90-93   -12.5  -52.3 0.050
 93-96   -20.4  -36.7 0.213
 96-99   -23.5  -26.2 0.174
 99-102  -15.3  -19.3 0.097
102-105  -18.2  -33.9 0.124
105-108  -11.4  -48.1 0.030
108-111  -18.3  -53.2 0.024
