akef-2 t,music_dB,voice_dB,flat
  0-3    -20.9  -87.9 0.320
  3-6    -20.5  -49.3 0.215
  6-9    -32.5  -34.0 0.347
  9-12   -17.8  -50.9 0.397
 12-15   -15.2  -25.8 0.278
 15-18   -12.6  -28.3 0.225
 18-21   -12.6  -27.6 0.146
 21-24   -13.9  -28.0 0.198
 24-27   -18.3  -25.3 0.217
 27-30   -14.9  -26.6 0.214
 30-33   -14.8  -25.8 0.415
 33-36   -12.6  -25.4 0.377
 36-39   -11.8  -26.5 0.465
 39-42   -16.7  -26.1 0.204
 42-45   -17.0  -26.8 0.111
 45-48   -18.8  -26.2 0.139
 48-51   -16.8  -26.3 0.186
 51-54   -20.1  -28.4 0.272
 54-57   -21.6  -22.9 0.309
 57-60   -13.2  -24.4 0.403
 60-63   -15.8  -21.3 0.476
 63-66   -14.1  -22.1 0.426
 66-69   -14.1  -23.9 0.418
 69-72   -20.7  -20.8 0.489
 72-75   -15.9  -21.1 0.474
 75-78   -13.5  -22.6 0.446
 78-81   -13.3  -21.9 0.436
 81-84    -9.7  -22.8 0.420
 84-87   -13.6  -22.7 0.416
 87-90   -13.8  -22.4 0.392
 90-93   -13.7  -22.8 0.413
 93-96   -14.2  -25.4 0.448
 96-99   -12.7  -25.4 0.453
 99-102  -13.7  -23.2 0.489
102-105  -13.5  -25.8 0.495
105-108  -13.8  -25.9 0.464
108-111  -14.4  -25.3 0.414
111-114  -16.0  -20.9 0.233
114-117  -16.1  -21.1 0.326
117-120  -14.2  -21.1 0.286
120-123  -16.7  -20.0 0.329
123-126  -15.8  -20.9 0.342
126-129  -14.4  -24.3 0.437
129-132  -14.8  -24.3 0.412
132-135  -15.3  -23.3 0.339
135-138  -13.0  -25.1 0.326
138-141  -12.9  -25.0 0.348
141-144  -12.8  -26.9 0.409
144-147  -16.4  -26.5 0.468
147-150  -17.3  -26.0 0.481
150-153  -18.1  -27.5 0.475
153-156  -15.0  -32.3 0.483
156-159  -16.7  -26.3 0.483
159-162  -13.1  -34.2 0.429
162-165   -7.2  -37.7 0.094
165-168   -9.2  -40.9 0.044
168-171  -18.5  -44.8 0.038
171-174  -21.1  -79.2 0.139
174-177  -18.6  -45.6 0.226
177-180  -16.9  -22.5 0.242
180-183  -14.5  -26.7 0.270
183-186  -14.0  -33.7 0.309
186-189  -13.9  -22.9 0.367
189-192  -12.5  -24.4 0.394
192-195  -13.2  -37.2 0.390
195-198  -15.8  -20.1 0.369
198-201  -13.8  -21.4 0.355
201-204  -12.5  -21.0 0.437
204-207  -12.0  -21.2 0.464
207-210  -11.3  -21.3 0.366
210-213  -12.6  -22.3 0.410
213-216  -13.9  -22.6 0.444
216-219  -12.7  -24.9 0.451
219-222  -10.3  -22.4 0.373
222-225  -12.7  -21.6 0.442
225-228  -11.8  -23.8 0.441
228-231  -12.2  -25.4 0.436
231-234  -19.3  -26.2 0.289
234-237  -25.1  -38.2 0.368
237-240  -18.0  -31.4 0.246
240-243  -25.1  -25.5 0.359
243-246  -26.2  -34.0 0.390
246-249  -23.5  -37.4 0.305
249-252  -38.4  -82.5 0.039
252-255  -94.9 -118.8 0.439
